1000
2 294 0.02
3 503 0.46
4 205 0.05
5 770 0.07
6 432 0.23
7 821 0.14
8 849 0.05
9 840 0.06
10 28 0.0
11 132 0.21
12 983 0.2
13 657 0.02
14 64 0.07
15 669 0.17
16 229 0.36
17 661 0.53
18 475 0.19
19 933 0.68
20 605 0.4
21 517 0.03
22 407 0.05
23 265 0.13
24 128 0.01
25 741 0.47
26 490 0.25
27 710 0.51
28 621 0.16
29 947 0.99
30 738 0.17
31 387 0.15
32 69 0.09
33 346 0.28
34 746 0.37
35 730 0.3
36 262 1.06
37 532 0.03
38 750 0.08
39 91 0.57
40 51 0.67
41 961 0.01
42 872 0.14
43 466 0.13
44 315 1.29
45 6 0.18
46 376 0.27
47 140 0.07
48 292 0.27
49 324 0.38
50 822 0.2
51 479 0.15
52 504 0.35
53 284 0.29
54 84 0.22
55 876 0.23
56 194 0.25
57 192 0.09
58 185 0.47
59 22 0.02
60 942 0.13
61 787 0.15
62 128 0.38
63 645 0.22
64 684 0.25
65 916 0.19
66 599 0.19
67 665 0.15
68 268 0.24
69 716 0.07
70 52 0.48
71 689 0.02
72 668 0.62
73 327 0.02
74 342 0.25
75 638 0.08
76 613 0.24
77 542 0.21
78 993 0.12
79 437 0.41
80 476 0.37
81 756 0.2
82 65 0.31
83 360 0.08
84 568 0.09
85 580 0.37
86 923 0.07
87 4 0.34
88 427 0.4
89 436 0.12
90 827 0.5
91 931 0.07
92 148 0.03
93 991 0.39
94 588 0.35
95 536 0.25
96 535 0.04
97 583 0.26
98 909 0.24
99 442 0.25
100 250 0.13
101 863 0.85
102 438 0.35
103 612 0.27
104 773 0.4
105 265 0.08
106 231 0.56
107 475 0.02
108 617 0.02
109 48 0.24
110 163 0.35
111 291 0.75
112 440 0.19
113 64 0.17
114 409 0.02
115 355 0.14
116 123 0.14
117 261 0.47
118 70 0.78
119 586 0.11
120 997 0.0
121 966 0.57
122 504 0.33
123 89 0.2
124 541 0.14
125 295 0.04
126 876 0.03
127 162 0.14
128 38 0.05
129 439 0.21
130 547 0.19
131 967 0.11
132 494 0.42
133 370 0.19
134 571 0.2
135 639 0.18
136 155 0.12
137 510 0.07
138 536 0.08
139 98 0.07
140 371 0.06
141 98 0.14
142 927 0.02
143 755 0.21
144 922 0.35
145 453 0.13
146 505 0.14
147 465 0.49
148 578 0.05
149 859 0.31
150 787 0.05
151 337 0.27
152 813 0.2
153 404 0.27
154 951 0.72
155 244 0.05
156 267 0.09
157 89 0.2
158 290 0.25
159 130 0.11
160 666 0.13
161 839 0.08
162 896 0.25
163 69 0.14
164 175 0.41
165 464 0.2
166 614 0.01
167 620 0.15
168 708 0.23
169 647 0.01
170 852 0.42
171 465 0.13
172 597 0.02
173 93 0.04
174 311 0.3
175 76 0.17
176 300 0.21
177 584 0.43
178 404 0.09
179 603 0.37
180 998 0.14
181 749 0.42
182 52 0.21
183 437 0.47
184 612 0.19
185 61 0.02
186 911 0.11
187 828 0.23
188 604 0.32
189 420 0.11
190 773 0.38
191 628 0.09
192 636 0.08
193 642 0.1
194 980 0.06
195 361 0.06
196 971 0.28
197 239 0.06
198 287 0.12
199 706 0.17
200 32 0.2
201 821 0.48
202 552 0.99
203 37 0.19
204 500 0.12
205 9 0.09
206 31 0.21
207 149 0.18
208 369 0.05
209 602 0.07
210 587 0.13
211 399 1.21
212 275 0.03
213 647 0.49
214 337 0.13
215 60 0.21
216 962 0.17
217 545 0.1
218 902 0.05
219 67 0.06
220 479 0.53
221 66 0.17
222 255 0.16
223 411 0.71
224 521 0.07
225 542 0.1
226 930 0.47
227 844 0.36
228 883 0.18
229 668 0.16
230 127 0.33
231 391 0.04
232 675 0.11
233 409 0.29
234 54 0.11
235 155 0.36
236 777 0.23
237 946 0.29
238 460 0.01
239 760 0.24
240 384 0.08
241 599 0.16
242 469 0.08
243 194 0.26
244 966 0.17
245 84 0.31
246 271 0.34
247 984 0.42
248 983 0.11
249 205 0.06
250 69 0.14
251 696 0.01
252 993 0.21
253 84 0.05
254 962 0.34
255 205 0.01
256 219 0.12
257 985 0.16
258 662 0.17
259 357 0.08
260 861 0.05
261 816 0.17
262 164 0.21
263 224 0.06
264 921 0.39
265 893 0.18
266 797 0.13
267 54 0.11
268 648 0.18
269 918 0.26
270 32 0.29
271 688 0.18
272 851 0.01
273 817 0.14
274 134 0.02
275 621 0.04
276 938 0.19
277 594 0.01
278 355 0.21
279 906 0.23
280 543 0.13
281 874 0.31
282 861 0.53
283 364 0.89
284 793 0.23
285 254 0.13
286 822 0.33
287 911 0.06
288 520 0.06
289 139 0.01
290 806 0.2
291 665 0.55
292 721 0.22
293 133 0.02
294 174 0.05
295 370 0.06
296 422 0.01
297 361 0.18
298 442 0.23
299 5 0.12
300 134 0.07
301 671 0.75
302 815 0.39
303 647 0.08
304 443 0.64
305 702 0.75
306 428 0.03
307 401 0.03
308 825 0.08
309 281 0.31
310 41 0.12
311 123 0.14
312 189 0.22
313 648 0.26
314 37 0.18
315 312 0.0
316 166 0.12
317 895 0.35
318 679 0.21
319 74 0.32
320 42 0.34
321 497 0.17
322 790 0.23
323 907 0.04
324 66 0.2
325 369 0.15
326 529 0.22
327 431 0.26
328 122 0.29
329 178 0.0
330 570 0.17
331 540 0.51
332 321 0.23
333 512 0.32
334 939 0.07
335 818 0.23
336 415 0.27
337 463 0.14
338 915 0.36
339 160 0.22
340 762 0.21
341 370 0.21
342 927 0.14
343 451 0.27
344 879 0.17
345 34 0.18
346 739 0.05
347 336 0.44
348 697 0.07
349 698 0.14
350 1 0.37
351 339 0.32
352 115 0.91
353 81 0.05
354 936 0.44
355 26 0.1
356 997 0.02
357 823 0.02
358 242 0.4
359 89 0.03
360 835 0.04
361 864 0.14
362 576 0.08
363 35 0.01
364 299 0.02
365 767 0.27
366 666 0.09
367 557 0.34
368 512 0.06
369 1 0.07
370 917 0.01
371 983 0.21
372 770 0.04
373 767 0.08
374 466 0.37
375 885 0.32
376 522 0.44
377 975 0.14
378 514 0.37
379 973 0.22
380 501 0.34
381 395 0.15
382 458 0.01
383 51 0.34
384 716 0.04
385 244 0.23
386 212 0.0
387 848 0.24
388 83 0.13
389 882 0.24
390 443 0.22
391 477 0.21
392 248 0.48
393 76 0.29
394 679 0.46
395 986 0.08
396 284 0.31
397 449 0.02
398 770 0.51
399 824 0.13
400 45 0.35
401 250 0.12
402 470 0.23
403 175 0.18
404 721 0.19
405 445 0.33
406 870 0.31
407 848 0.19
408 524 0.41
409 890 0.18
410 853 0.14
411 318 0.32
412 438 0.11
413 568 0.37
414 530 0.14
415 137 0.46
416 967 0.13
417 74 0.39
418 874 0.27
419 417 0.5
420 543 0.08
421 933 0.1
422 64 0.02
423 242 0.13
424 523 0.05
425 153 0.06
426 418 0.2
427 422 0.27
428 712 0.45
429 611 0.55
430 961 0.25
431 92 0.24
432 277 0.03
433 21 0.57
434 105 0.19
435 255 0.12
436 754 0.12
437 401 0.02
438 142 0.17
439 816 0.24
440 710 0.12
441 690 0.41
442 48 0.23
443 212 0.38
444 966 0.12
445 492 0.03
446 635 0.12
447 774 0.18
448 636 0.2
449 361 0.06
450 155 0.23
451 898 0.31
452 193 0.12
453 805 0.06
454 636 0.15
455 337 0.16
456 364 0.01
457 517 0.28
458 544 0.06
459 18 0.07
460 592 0.24
461 437 0.33
462 651 0.55
463 948 0.1
464 727 0.18
465 606 0.0
466 192 0.19
467 931 0.21
468 637 0.02
469 334 0.33
470 916 0.12
471 956 0.34
472 532 0.11
473 244 0.16
474 173 0.17
475 360 0.12
476 189 0.18
477 614 0.14
478 238 0.05
479 936 0.08
480 256 0.02
481 872 0.73
482 355 0.04
483 306 0.37
484 166 0.37
485 793 0.12
486 445 0.46
487 52 0.37
488 318 0.02
489 586 0.18
490 658 0.25
491 936 0.82
492 225 0.08
493 912 0.27
494 414 0.02
495 833 0.57
496 245 0.14
497 356 0.09
498 129 0.29
499 564 0.13
500 215 0.21
501 709 0.07
502 902 0.2
503 141 0.32
504 215 0.32
505 151 0.17
506 777 0.07
507 276 0.78
508 207 0.43
509 499 0.5
510 596 0.29
511 272 0.1
512 137 0.14
513 123 0.23
514 679 0.06
515 834 0.47
516 932 0.12
517 193 0.29
518 299 0.36
519 96 0.03
520 848 0.27
521 129 0.14
522 292 0.36
523 559 0.3
524 173 0.28
525 397 0.29
526 18 0.73
527 134 0.21
528 230 0.22
529 172 0.23
530 787 0.02
531 530 0.32
532 178 0.17
533 383 0.31
534 639 0.23
535 821 0.29
536 64 0.33
537 757 0.53
538 216 0.43
539 693 0.53
540 653 0.14
541 13 0.14
542 607 0.01
543 158 0.08
544 579 0.22
545 259 0.45
546 934 0.28
547 73 0.23
548 817 0.11
549 113 0.36
550 124 0.0
551 713 0.67
552 561 0.19
553 920 0.21
554 127 0.18
555 287 0.29
556 387 0.09
557 298 0.0
558 697 0.27
559 402 0.27
560 109 0.09
561 589 0.32
562 205 0.1
563 254 0.44
564 256 0.03
565 225 0.32
566 682 0.49
567 54 0.24
568 906 0.22
569 110 0.2
570 444 0.18
571 696 0.12
572 42 0.03
573 855 0.91
574 284 0.11
575 89 0.45
576 397 0.06
577 156 0.19
578 497 0.2
579 586 0.06
580 906 0.02
581 617 0.07
582 613 0.55
583 826 0.16
584 173 0.56
585 356 0.03
586 497 0.19
587 676 0.08
588 736 0.16
589 894 0.08
590 334 0.08
591 69 0.17
592 321 0.04
593 298 0.5
594 586 0.08
595 756 0.16
596 793 0.27
597 10 0.08
598 76 0.11
599 136 0.13
600 185 0.23
601 178 0.11
602 156 0.18
603 114 0.34
604 371 0.37
605 540 0.27
606 735 0.08
607 911 0.07
608 492 0.19
609 220 0.41
610 570 0.06
611 923 0.21
612 189 0.28
613 208 0.26
614 840 0.18
615 393 0.15
616 344 0.06
617 174 0.15
618 699 0.07
619 806 0.0
620 65 0.17
621 200 0.14
622 409 0.02
623 365 0.2
624 316 0.04
625 159 0.15
626 996 0.04
627 953 0.04
628 766 0.22
629 772 0.05
630 473 0.2
631 938 0.51
632 536 0.49
633 750 0.09
634 297 0.08
635 172 0.01
636 771 0.01
637 924 0.34
638 497 0.11
639 24 0.37
640 683 0.1
641 901 0.15
642 153 0.3
643 276 0.16
644 582 0.76
645 506 0.42
646 784 1.03
647 449 0.27
648 464 0.28
649 982 0.23
650 554 0.06
651 354 0.16
652 679 0.27
653 396 0.1
654 129 0.17
655 861 0.68
656 694 0.21
657 947 0.21
658 986 0.22
659 670 0.76
660 561 0.06
661 787 0.49
662 390 0.01
663 909 0.23
664 809 0.21
665 212 0.15
666 203 0.18
667 748 0.14
668 562 0.1
669 939 0.09
670 93 0.37
671 31 0.54
672 339 0.07
673 416 0.14
674 298 0.22
675 909 0.05
676 797 0.32
677 698 0.08
678 465 0.34
679 914 0.04
680 583 0.35
681 324 0.55
682 112 0.16
683 568 0.03
684 579 0.02
685 607 0.22
686 246 0.54
687 180 0.18
688 14 0.23
689 857 0.05
690 595 0.1
691 851 0.78
692 51 0.47
693 617 0.3
694 982 0.12
695 253 0.16
696 175 0.23
697 289 0.12
698 961 0.25
699 173 0.07
700 803 0.31
701 239 0.11
702 254 0.8
703 15 0.0
704 245 0.29
705 667 0.0
706 601 0.14
707 689 0.42
708 130 0.13
709 300 0.03
710 623 0.27
711 105 0.31
712 783 0.03
713 630 0.21
714 636 0.01
715 136 0.16
716 472 0.11
717 914 0.04
718 534 0.18
719 399 0.26
720 254 0.06
721 968 0.22
722 736 0.29
723 80 0.56
724 870 0.64
725 550 0.27
726 196 0.54
727 710 0.32
728 246 0.24
729 976 0.24
730 4 0.06
731 265 0.08
732 269 0.0
733 94 0.8
734 776 0.25
735 123 0.23
736 493 0.11
737 318 0.18
738 859 0.37
739 32 0.01
740 59 0.21
741 945 0.18
742 986 0.28
743 452 0.0
744 289 0.25
745 172 0.25
746 212 0.09
747 505 0.06
748 62 0.06
749 498 0.24
750 636 0.03
751 329 0.0
752 719 0.18
753 610 0.59
754 332 0.01
755 710 0.18
756 7 0.2
757 462 0.55
758 554 0.52
759 777 0.01
760 921 0.1
761 209 0.16
762 147 0.46
763 548 0.25
764 451 0.45
765 194 0.24
766 684 0.13
767 550 0.27
768 922 0.12
769 976 0.26
770 252 0.04
771 685 0.02
772 472 0.12
773 660 0.09
774 98 0.05
775 421 0.23
776 673 0.14
777 143 0.09
778 895 0.26
779 55 0.41
780 482 0.17
781 923 0.09
782 26 0.29
783 660 0.32
784 778 0.2
785 568 0.21
786 835 0.46
787 47 0.17
788 898 0.18
789 883 0.06
790 706 0.1
791 697 0.03
792 554 0.53
793 735 0.11
794 676 0.35
795 714 0.08
796 961 0.52
797 432 0.12
798 541 0.04
799 895 0.11
800 502 0.03
801 129 0.05
802 116 0.16
803 765 0.01
804 677 0.08
805 791 0.16
806 913 0.2
807 520 0.22
808 59 0.43
809 485 0.05
810 361 0.2
811 543 0.07
812 486 0.14
813 139 0.27
814 423 0.22
815 348 0.03
816 148 0.28
817 990 0.14
818 205 0.09
819 499 0.03
820 805 0.26
821 863 0.11
822 280 0.23
823 658 0.2
824 175 0.01
825 511 0.04
826 553 0.25
827 81 0.25
828 680 0.17
829 74 0.02
830 155 0.16
831 376 0.47
832 404 0.1
833 794 0.13
834 848 0.07
835 721 0.08
836 67 0.4
837 795 0.19
838 554 0.18
839 458 0.36
840 18 0.2
841 110 0.3
842 519 0.54
843 696 0.01
844 998 0.03
845 937 0.3
846 722 0.17
847 827 0.37
848 751 0.1
849 307 0.22
850 803 0.02
851 225 0.23
852 287 0.38
853 799 0.22
854 640 0.78
855 811 0.17
856 54 0.18
857 355 0.07
858 235 0.21
859 959 0.33
860 318 0.23
861 797 0.2
862 851 0.12
863 610 0.16
864 369 0.21
865 252 0.09
866 436 0.28
867 897 0.08
868 371 0.46
869 649 0.16
870 143 0.13
871 388 0.06
872 546 0.24
873 336 0.4
874 185 0.09
875 842 0.38
876 703 0.22
877 128 0.32
878 751 0.37
879 739 0.18
880 722 1.22
881 778 0.92
882 920 0.23
883 497 0.19
884 623 0.2
885 168 0.3
886 666 0.28
887 997 0.08
888 368 0.22
889 134 0.47
890 414 0.06
891 527 0.14
892 344 0.29
893 98 0.21
894 278 0.15
895 251 0.28
896 448 0.11
897 450 0.18
898 56 0.26
899 872 0.57
900 252 0.34
901 463 0.08
902 144 0.21
903 635 0.4
904 70 0.07
905 86 0.28
906 449 0.23
907 461 0.35
908 953 0.07
909 576 0.13
910 484 0.44
911 391 0.1
912 877 0.25
913 298 0.11
914 384 0.06
915 990 0.01
916 513 0.1
917 961 0.0
918 501 0.21
919 947 0.37
920 459 0.13
921 466 0.18
922 600 0.06
923 788 0.22
924 125 0.24
925 362 0.15
926 572 0.79
927 114 0.25
928 909 0.56
929 988 0.28
930 411 0.7
931 167 0.26
932 629 0.36
933 572 0.12
934 12 0.01
935 186 0.32
936 986 0.23
937 666 0.17
938 494 0.22
939 139 0.22
940 42 0.26
941 386 0.03
942 379 0.03
943 634 0.14
944 663 0.09
945 778 0.26
946 430 0.12
947 514 0.21
948 998 0.08
949 167 0.04
950 944 0.17
951 629 0.63
952 601 0.14
953 8 0.11
954 20 0.38
955 51 0.2
956 161 0.33
957 169 0.2
958 60 0.47
959 32 0.11
960 563 0.12
961 998 0.02
962 453 0.16
963 215 0.06
964 467 0.3
965 208 1.0
966 454 0.15
967 957 0.22
968 208 0.12
969 450 0.22
970 825 0.24
971 1000 0.27
972 628 0.37
973 765 0.01
974 21 0.4
975 258 0.49
976 432 0.13
977 782 0.18
978 921 0.18
979 244 0.25
980 146 0.2
981 502 0.07
982 279 0.16
983 326 0.07
984 114 0.1
985 957 0.24
986 914 0.09
987 818 0.23
988 102 0.06
989 494 0.03
990 769 0.02
991 598 0.1
992 804 0.25
993 837 0.22
994 186 0.21
995 958 0.14
996 841 0.29
997 610 0.18
998 969 0.04
999 395 0.31
1000 851 0.27
